GmLine v3.0(Contour)
34	1.4
15401961.421050	4484961.019964	-1
15393339.704652	4475219.681494	-1
15389901.200468	4466986.884269	-1
15390677.433238	4458467.524059	-1
15391737.303176	4451622.496307	-1
15391046.323729	4446420.147008	-1
15383961.672177	4441819.464838	-1
15369545.260660	4433987.155521	-1
15356118.115281	4428287.263417	-1
15337853.015596	4421216.773410	-1
15328132.907573	4415262.616749	-1
15322315.051242	4409383.710060	-1
15295153.265436	4393578.399728	-1
15279195.385355	4383117.539241	-1
15272442.584310	4378481.860621	-1
15261525.048893	4374971.077732	-1
15253803.251384	4368532.521550	-1
15244989.396435	4360978.014329	-1
14751937.313236	4348863.492563	-1
14746859.731557	4345478.438162	-1
14737212.326392	4339723.845680	-1
14721810.328727	4331768.967837	-1
14709624.132806	4322290.815514	-1
14701838.507647	4318398.002953	-1
14690837.080805	4309258.356070	-1
14673065.545159	4294871.874866	-1
14664941.414585	4287932.513343	-1
14655294.009532	4283701.195342	-1
14632952.650472	4274561.548459	-1
14609257.269659	4266098.912456	-1
14573375.693005	4259159.550934	-1
14558819.959080	4256620.760133	-1
14536817.105472	4255097.485653	-1
14494507.310512	4255960.674525	-1
33	1.2
14620272.236682	4258903.979327	-1
14636449.411670	4263839.388643	-1
14646320.230308	4270557.029102	-1
14656465.238356	4273161.828464	-1
14672368.223951	4280702.037142	-1
14687997.020153	4293726.033951	-1
14702117.774635	4306750.030759	-1
14725012.590212	4325257.815697	-1
14735980.166574	4332935.119078	-1
14746673.553559	4338281.812505	-1
14755173.425293	4343765.600635	-1
15245202.359314	4351166.740664	-1
15252231.291395	4357706.283395	-1
15264456.643450	4368019.463021	-1
15281767.792898	4378401.853317	-1
15302731.166123	4390045.347104	-1
15316136.737705	4397521.921565	-1
15331561.959818	4402389.738254	-1
15344670.383155	4405489.795710	-1
15355145.968128	4410274.802471	-1
15361886.984671	4414623.681337	-1
15379288.559065	4418391.197784	-1
15401591.962672	4421689.177913	-1
15425408.937194	4425156.664394	-1
15452818.011703	4425089.630684	-1
15465015.667884	4427144.197121	-1
15473612.073833	4430674.205604	-1
15475481.042812	4436028.240341	-1
15475658.163130	4456841.777166	-1
15477877.598138	4471351.199165	-1
15479947.592025	4481623.015628	-1
15481736.157960	4485748.284297	-1
15481373.580684	4486458.078389	-1
43	1.8
15393611.804191	4482025.171652	-1
15389327.022007	4477516.365922	-1
15384616.892408	4474819.249037	-1
15382535.376389	4470434.103978	-1
15382872.222915	4463278.185330	-1
15383725.800523	4453618.315243	-1
15381999.617872	4448385.617349	-1
15378118.701153	4445767.667660	-1
15365201.970217	4439370.277022	-1
15350354.662806	4434884.828579	-1
15338099.177296	4428163.949692	-1
15328722.510652	4423443.128665	-1
15317656.777472	4414030.128117	-1
15309171.115854	4408285.379694	-1
15282499.319094	4391399.406190	-1
15268012.799507	4382204.690002	-1
15255886.433886	4375459.179812	-1
15244780.249715	4367544.355130	-1
14755173.425305	4361862.101464	-1
14750649.300020	4355829.934521	-1
14742834.901822	4348701.009952	-1
14733101.177780	4343080.127119	-1
14715827.245033	4334991.539627	-1
14704448.384603	4326628.762730	-1
14690190.535413	4317991.796425	-1
14671682.750435	4308120.977792	-1
14660715.174161	4300032.390301	-1
14653997.533696	4294137.318061	-1
14645360.567385	4287968.056415	-1
14626304.403626	4278645.616594	-1
14608207.902795	4274806.964903	-1
14590385.591372	4270968.313213	-1
14578869.636298	4265210.335676	-1
14563789.218941	4262194.252205	-1
14551313.600945	4261097.494579	-1
14535958.994182	4260823.305172	-1
14529926.827239	4260823.305172	-1
14522386.618560	4262057.157502	-1
14515531.883398	4264113.578050	-1
14505661.064764	4268089.324445	-1
14497983.761382	4273298.923168	-1
14493459.636175	4276726.290749	-1
14493733.825581	4276863.385452	-1
23	2.6
14540894.403499	4299895.295598	-1
14538426.698840	4301129.147927	-1
14534725.141852	4301540.432037	-1
14530612.300755	4301540.432037	-1
14526362.364954	4300032.390301	-1
14522934.997373	4297564.685643	-1
14525676.891438	4292903.465732	-1
14530612.300755	4290298.666371	-1
14539797.645873	4291258.329293	-1
14548571.706880	4289750.287558	-1
14561458.608986	4287419.677602	-1
14572151.995839	4286322.919976	-1
14580240.583331	4287968.056415	-1
14581748.625067	4293314.749842	-1
14578458.352189	4295782.454501	-1
14574756.795201	4297838.875049	-1
14569410.101774	4298798.537972	-1
14564474.692457	4299484.011488	-1
14559402.188437	4299346.916785	-1
14554603.873823	4298935.632675	-1
14548845.896287	4298935.632675	-1
14540757.308795	4299621.106192	-1
14541716.971718	4300169.485005	-1
30	2.0
14555700.631449	4264387.767457	-1
14536096.088885	4265895.809193	-1
14517039.925133	4273161.828465	-1
14499354.708414	4281387.510660	-1
14491814.499736	4288790.624635	-1
14494145.109691	4302911.379070	-1
14503193.360105	4313467.671220	-1
14511693.231707	4318814.364646	-1
14518685.061572	4321556.258711	-1
14523894.660296	4322653.016337	-1
14529515.543129	4323338.489854	-1
14541168.592905	4322653.016337	-1
14557619.957295	4321830.448118	-1
14573934.226981	4319499.838163	-1
14586272.750274	4315524.091768	-1
14600393.504709	4315249.902362	-1
14608619.186905	4318540.175240	-1
14610949.796860	4323064.300447	-1
14608482.092201	4329919.035609	-1
14606562.766356	4335128.634333	-1
14605877.292839	4341434.990682	-1
14605466.008730	4346781.684109	-1
14604780.535213	4351031.619909	-1
14597103.231831	4355007.366304	-1
14579006.731002	4358571.828588	-1
14564200.503051	4362684.669686	-1
14538015.414730	4370910.351881	-1
14512652.894629	4375434.477088	-1
14493322.541471	4376257.045307	-1
14484411.385760	4373789.340649	-1
77	2.0
14554466.779120	4264524.862160	-1
14565023.071270	4264936.146270	-1
14578458.352189	4271105.407916	-1
14598337.084160	4278234.332485	-1
14618901.289650	4282347.173582	-1
14635901.032857	4288516.435228	-1
14659344.227127	4306750.030760	-1
14671819.845138	4312919.292406	-1
14691013.103635	4321830.448116	-1
14707738.657497	4333072.213782	-1
14718980.423229	4339652.759538	-1
14737488.208332	4348289.725842	-1
14748318.690031	4357200.881553	-1
15242482.111289	4370170.582662	-1
15261375.690466	4381549.168669	-1
15274158.020030	4387837.331890	-1
15286091.753818	4395828.042060	-1
15301572.186888	4409619.535778	-1
15318110.080187	4424844.398622	-1
15329950.806757	4433517.378597	-1
15347982.512660	4440396.863450	-1
15361370.474160	4441550.100094	-1
15371781.620571	4445373.400528	-1
15376301.504096	4449320.163118	-1
15377775.586696	4456902.382141	-1
15377281.568287	4469831.017142	-1
15374524.448344	4477701.030931	-1
15369319.420587	4479838.950255	-1
15362763.983721	4480285.365507	-1
15356177.202811	4478263.934731	-1
15343965.047868	4472233.139682	-1
15330102.702659	4466175.133086	-1
15323069.131138	4465691.804247	-1
15311701.418227	4468111.147086	-1
15302593.350973	4471475.979197	-1
15285753.658561	4480311.483541	-1
15280244.359349	4484120.237506	-1
15265788.140172	4485654.276098	-1
14754213.762450	4485247.334387	-1
14740367.197196	4485521.523793	-1
14733101.177835	4489223.080781	-1
14726246.442602	4494843.963614	-1
14716649.813294	4498819.710009	-1
14704037.100517	4502109.982887	-1
14684158.368468	4507867.960424	-1
14663045.784125	4513077.559148	-1
14647965.366752	4514585.600884	-1
14638780.021628	4510198.570380	-1
14629868.865913	4501424.509372	-1
14622739.941342	4491690.785442	-1
14614788.448552	4485247.334389	-1
14604917.629917	4478666.788633	-1
14595732.284799	4473594.284613	-1
14583119.572099	4467836.307077	-1
14575030.984607	4464271.844793	-1
14563240.840128	4463586.371276	-1
14553095.832088	4465094.413012	-1
14548982.990990	4466465.360045	-1
14548982.990990	4469207.254110	-1
14550628.127429	4475650.705162	-1
14553232.926791	4483876.387357	-1
14555837.726153	4493198.827178	-1
14556660.294372	4499916.467637	-1
14555974.820856	4508964.718052	-1
14547200.759848	4514859.790291	-1
14542676.634641	4514448.506181	-1
14532942.910710	4511980.801523	-1
14524580.133812	4504851.876954	-1
14520193.103308	4497997.141792	-1
14520056.008605	4490731.122520	-1
14522112.429154	4483739.292654	-1
14523483.376186	4478803.883337	-1
14520056.008605	4469344.348813	-1
14515943.167507	4464408.939496	-1
14500725.655447	4457417.109630	-1
14483725.912244	4451247.847984	-1
14483451.722838	4451110.753281	-1
17	2.2
14554603.873823	4498134.236495	-1
14553781.305604	4495118.153023	-1
14550216.843319	4490868.217223	-1
14545281.434002	4488811.796674	-1
14536507.372995	4487440.849642	-1
14529515.543129	4488948.891377	-1
14527047.838470	4490731.122520	-1
14525402.702031	4494432.679507	-1
14526910.743767	4498819.710011	-1
14529652.637832	4500464.846450	-1
14533902.573633	4503343.835218	-1
14538289.604137	4505537.350470	-1
14541305.687608	4506634.108096	-1
14546926.570441	4505948.634580	-1
14551313.600945	4503480.929922	-1
14554466.779120	4496900.384166	-1
14553644.210901	4497860.047088	-1
38	1.8
14485645.238090	4503069.645812	-1
14492499.973252	4509238.907458	-1
14500040.181931	4514996.884995	-1
14507580.390609	4519109.726092	-1
14514298.031068	4520480.673124	-1
14519918.913902	4521988.714860	-1
14530612.300755	4530351.491758	-1
14541854.066421	4534464.332856	-1
14552821.642681	4535012.711669	-1
14560910.230173	4530762.775868	-1
14571192.332916	4530625.681165	-1
14583805.045616	4531996.628197	-1
14593675.864250	4532819.196417	-1
14602312.830555	4533641.764636	-1
14607248.239872	4532133.722900	-1
14607522.429279	4530077.302351	-1
14604643.440510	4528706.355319	-1
14599982.220600	4525004.798331	-1
14588466.265526	4520343.578421	-1
14580377.678034	4518012.968466	-1
14571877.806433	4516367.832027	-1
14555700.631449	4517327.494950	-1
14538700.888247	4517190.400246	-1
14534176.763039	4514448.506181	-1
14527596.217283	4512529.180336	-1
14516491.546320	4503069.645812	-1
14512378.705223	4496763.289462	-1
14511830.326410	4490594.027816	-1
14514846.409881	4486344.092016	-1
14516902.830430	4483876.387357	-1
14518547.966869	4481957.061512	-1
14518273.777463	4478666.788634	-1
14515394.788694	4475239.421053	-1
14509225.527048	4472223.337581	-1
14503330.454809	4470852.390549	-1
14483314.628134	4467287.928264	-1
14481943.681102	4467425.022967	-1
14481669.491695	4467562.117671	-1
32	1.8
14490717.742110	4355281.555710	-1
14497435.382569	4361450.817357	-1
14513201.273442	4364466.900828	-1
14525539.796735	4365152.374344	-1
14536781.562401	4365700.753157	-1
14548160.422771	4364741.090234	-1
14558990.904327	4361862.101466	-1
14568450.438851	4358846.017995	-1
14577635.783969	4353088.040458	-1
14584353.424428	4349934.862284	-1
14591619.443701	4345684.926483	-1
14596280.663611	4340338.233056	-1
14599296.747083	4336499.581365	-1
14600941.883522	4331427.077345	-1
14601627.357038	4325669.099809	-1
14600941.883522	4323338.489853	-1
14597925.800051	4322378.826931	-1
14592990.390733	4323475.584557	-1
14589151.739042	4325120.720996	-1
14583805.045615	4327725.520357	-1
14577087.405156	4329507.751500	-1
14568724.628258	4329507.751500	-1
14560773.135470	4331152.887939	-1
14550216.843319	4333072.213784	-1
14537329.941214	4334443.160817	-1
14527870.406690	4336636.676069	-1
14516080.262211	4336225.391959	-1
14509911.000564	4332112.550861	-1
14504701.401841	4324572.342183	-1
14502096.602479	4321144.974602	-1
14497161.193162	4319362.743459	-1
14493870.920284	4321419.164008	-1
20	1.8
14602724.114665	4501835.793482	-1
14595458.095392	4503206.740515	-1
14583805.045616	4504851.876954	-1
14575990.647530	4503480.929922	-1
14564611.787161	4499368.088824	-1
14561869.893096	4496352.005353	-1
14560224.756657	4492787.543068	-1
14557757.051998	4488400.512564	-1
14554878.063230	4481819.966808	-1
14557208.673185	4477021.652195	-1
14564200.503051	4472771.716394	-1
14578595.446892	4472771.716394	-1
14588877.549636	4477295.841601	-1
14596006.474205	4480174.830369	-1
14605877.292840	4484698.955576	-1
14614788.448552	4491553.690739	-1
14617119.058508	4498545.520604	-1
14610401.418047	4501972.888186	-1
14603683.777588	4501972.888186	-1
14602724.114665	4502384.172295	-1
98	2.2
14488250.037451	4445489.870448	-1
14497024.098459	4451110.753281	-1
14509911.000564	4456731.636114	-1
14524305.944406	4460296.098398	-1
14534862.236556	4461392.856024	-1
14543362.108157	4459336.435476	-1
14553095.832088	4457554.204333	-1
14558716.714921	4456594.541411	-1
14565023.071270	4455223.594378	-1
14574893.889904	4457280.014927	-1
14589563.023152	4464408.939496	-1
14602038.641148	4471537.864065	-1
14616296.490288	4480860.303885	-1
14633707.517606	4497174.573572	-1
14638917.116331	4505811.539876	-1
14647142.798532	4510472.759786	-1
14660440.984760	4511432.422709	-1
14670723.087519	4508005.055128	-1
14683198.705542	4504166.403436	-1
14699512.975287	4498956.804712	-1
14708835.415157	4497997.141789	-1
14723230.359102	4492513.353659	-1
14728439.957873	4487852.133749	-1
14735294.693109	4481957.061509	-1
14743109.091297	4479763.546257	-1
14753939.573034	4479352.262148	-1
15252159.790131	4481223.967443	-1
15261216.678258	4483080.570167	-1
15275108.238460	4481310.713433	-1
15300674.623342	4467486.919575	-1
15310399.079170	4461060.142041	-1
15316959.048568	4452515.426857	-1
15316640.540912	4443750.862948	-1
15315676.604888	4435579.033454	-1
15310558.277085	4426863.385039	-1
15303023.908461	4414876.720983	-1
15281160.782729	4396021.030919	-1
15269736.690246	4387446.274038	-1
15262506.577881	4384083.561890	-1
15249485.678133	4378359.171096	-1
14755584.709429	4373103.867130	-1
14748318.690034	4363781.427309	-1
14740504.291840	4353636.419269	-1
14719940.086159	4342257.558899	-1
14707190.278682	4336499.581363	-1
14692384.050672	4325943.289214	-1
14671956.939842	4316895.038800	-1
14660303.890051	4312645.102999	-1
14645908.946199	4303185.568475	-1
14638505.832220	4296879.212126	-1
14633433.328197	4292492.181622	-1
14630143.055318	4289201.908744	-1
14623836.698967	4288379.340525	-1
14616707.774397	4287556.772305	-1
14608893.376311	4286185.825273	-1
14596006.474205	4282210.078879	-1
14575990.647530	4274258.586091	-1
14564611.787160	4270008.650290	-1
14552547.453275	4269186.082070	-1
14545144.339299	4271653.786729	-1
14538700.888247	4274944.059607	-1
14529652.637832	4276315.006639	-1
14518822.156276	4279056.900704	-1
14511830.326410	4282347.173582	-1
14506483.632983	4285226.162351	-1
14502096.602479	4288653.529932	-1
14500588.560744	4295371.170391	-1
14504290.117731	4301129.147927	-1
14507717.485312	4303871.041992	-1
14513201.273442	4309080.640716	-1
14522249.523857	4314701.523549	-1
14527870.406690	4317169.228207	-1
14540894.403499	4317443.417614	-1
14560773.135470	4316757.944098	-1
14579829.299221	4314838.618252	-1
14603409.588181	4310177.398341	-1
14615336.827365	4313604.765923	-1
14618490.005540	4318403.080536	-1
14616707.774397	4324572.342182	-1
14614240.069739	4330467.414422	-1
14612594.933299	4333072.213784	-1
14610812.702157	4336636.676068	-1
14610812.702157	4341160.801276	-1
14612046.554486	4349797.767580	-1
14613965.880332	4355418.650413	-1
14610675.607454	4360491.154434	-1
14601627.357038	4362821.764389	-1
14579966.393924	4364741.090234	-1
14564200.503051	4370773.257177	-1
14555015.157933	4374474.814165	-1
14547612.043958	4375982.855901	-1
14537467.035917	4377627.992340	-1
14526773.649064	4379410.223482	-1
14513475.462849	4381740.833437	-1
14500588.560744	4382426.306954	-1
14488112.942748	4378998.939372	-1
14490169.363297	4380232.791702	-1
14487153.279825	4379136.034076	-1
31	1.8
15346947.364572	4481774.208086	-1
15341970.726865	4479230.990312	-1
15335916.695096	4474976.411387	-1
15326275.419603	4472474.936045	-1
15313793.753702	4472636.988373	-1
15298019.336345	4478927.469005	-1
15289093.332056	4482968.275225	-1
15274654.023378	4488759.193497	-1
15267891.907992	4490319.085499	-1
15250334.524389	4492752.740229	-1
14744754.227771	4497585.857679	-1
14733649.556659	4500876.130557	-1
14724464.211445	4501835.793480	-1
14717883.665634	4502521.266996	-1
14709520.888678	4503343.835216	-1
14693343.713616	4507045.392204	-1
14679497.148546	4511295.328005	-1
14668118.288153	4514311.411477	-1
14660989.363574	4517875.873762	-1
14653037.870776	4519383.915498	-1
14640973.536882	4519246.820794	-1
14635215.559342	4520480.673124	-1
14630280.150023	4522948.377782	-1
14625618.930111	4526238.650660	-1
14622328.657232	4530077.302351	-1
14621780.278419	4534464.332855	-1
14627675.350661	4536246.563997	-1
14633844.612309	4537343.321623	-1
14638505.832222	4538577.173952	-1
14642755.768025	4538028.795139	-1
14646457.325015	4539399.742172	-1
21	2.2
15369699.245155	4471306.824456	-1
15372617.425618	4467815.820000	-1
15373350.716711	4464473.444291	-1
15373343.333321	4458300.458211	-1
15374033.033557	4456333.064166	-1
15371452.324828	4452666.716661	-1
15367397.197185	4449511.563339	-1
15361668.164421	4447978.620677	-1
15356811.709026	4445151.442681	-1
15348206.164241	4445733.642108	-1
15338279.713791	4447091.458575	-1
15331186.464324	4449767.574273	-1
15323483.468318	4453583.579799	-1
15321373.425102	4456883.875700	-1
15327793.476897	4462488.449949	-1
15346229.004514	4469197.246012	-1
15354476.738119	4473439.625653	-1
15360163.208246	4476346.037624	-1
15366380.676637	4474962.531494	-1
15370118.226118	4471415.533837	-1
15370382.070176	4471260.398750	-1
55	2.6
14566531.113006	4384482.727502	-1
14536918.657104	4390240.705039	-1
14521838.239747	4393668.072620	-1
14503604.644215	4402305.038925	-1
14497983.761382	4406280.785319	-1
14496612.814349	4416151.603953	-1
14501822.413073	4426433.706696	-1
14508402.958829	4432465.873639	-1
14521564.050341	4437949.661769	-1
14533902.573633	4437949.661769	-1
14548023.328067	4436852.904143	-1
14559813.472547	4437264.188253	-1
14567627.870632	4438772.229988	-1
14577635.783969	4442610.881679	-1
14590111.401965	4448505.953919	-1
14600667.694116	4456183.257301	-1
14613828.785629	4464957.318309	-1
14624933.456595	4476199.083975	-1
14636449.411672	4490868.217222	-1
14647828.272048	4501561.604075	-1
14659618.416539	4504988.971656	-1
14672779.508071	4501424.509372	-1
14689367.967207	4496626.194757	-1
14705408.047555	4490868.217221	-1
14716238.529178	4483465.103245	-1
14726657.726710	4477158.746895	-1
14737762.397794	4473045.905798	-1
14750923.489502	4471949.148172	-1
15251968.255298	4474367.007260	-1
15268573.868170	4476123.238353	-1
15280712.140500	4472825.622003	-1
15292225.075291	4466412.730732	-1
15297629.993197	4459042.568735	-1
15301682.708008	4447920.325200	-1
15297602.101641	4440369.431232	-1
15289473.122966	4429795.083575	-1
15278358.795823	4409530.803825	-1
15268571.036221	4392606.382426	-1
15260528.747803	4387375.218588	-1
15254164.490691	4386701.757799	-1
15246304.682513	4388326.408743	-1
14753939.572974	4392571.314991	-1
14745439.701241	4395450.303759	-1
14729673.810183	4394353.546133	-1
14705270.952835	4389143.947411	-1
14668803.761665	4383797.253985	-1
14642344.483913	4385442.390424	-1
14622739.941342	4386676.242754	-1
14607659.523982	4383934.348689	-1
14600941.883522	4379410.223482	-1
14593127.485437	4375434.477088	-1
14575030.984607	4379821.507592	-1
14565434.355380	4384482.727502	-1
14539934.740576	4388869.758006	-1
14538289.604137	4389829.420929	-1
29	3.4
14718294.949735	4454126.836750	-1
14725286.779658	4455497.783782	-1
14733649.556640	4454949.404969	-1
14738310.776605	4453167.173827	-1
14741875.238935	4449328.522136	-1
14742834.901869	4445901.154555	-1
14739955.913059	4439183.514096	-1
14735980.166614	4435619.051811	-1
14731318.946649	4425474.043771	-1
14724190.022010	4414506.467511	-1
14713359.540374	4408063.016459	-1
14698553.312348	4405321.122394	-1
14683609.989646	4404361.459472	-1
14667707.004038	4403950.175362	-1
14656876.522469	4405458.217098	-1
14643441.241540	4410942.005228	-1
14633981.707012	4421361.202675	-1
14634667.180528	4433014.252452	-1
14639876.779254	4445215.681041	-1
14645497.662091	4456457.446707	-1
14653449.154886	4468521.780592	-1
14661263.552979	4471674.958767	-1
14670997.276924	4473731.379316	-1
14681553.569097	4473457.189909	-1
14693754.997723	4469618.538218	-1
14695948.512983	4466602.454746	-1
14707601.562813	4459747.719583	-1
14710754.741005	4455086.499673	-1
14719528.802073	4454263.931453	-1
20	3.8
14674013.360400	4445489.870446	-1
14675658.496842	4439594.798207	-1
14676206.875656	4434522.294186	-1
14676343.970359	4427530.464321	-1
14673739.170992	4423006.339114	-1
14670723.087515	4420401.539752	-1
14668666.666963	4419304.782126	-1
14666473.151708	4418619.308610	-1
14663868.352343	4420127.350346	-1
14661949.026495	4421635.392081	-1
14659755.511240	4423554.717927	-1
14658110.374800	4426022.422586	-1
14657973.280096	4434796.483593	-1
14659618.416537	4440280.271723	-1
14662086.121199	4444118.923414	-1
14663182.878826	4448368.859215	-1
14666610.246412	4449054.332731	-1
14671956.939848	4449465.616841	-1
14673739.170993	4445901.154556	-1
14672916.602772	4445764.059853	-1
50	3
14613828.785629	4405869.501209	-1
14603546.682884	4407103.353538	-1
14595869.379502	4407103.353538	-1
14590522.686075	4407103.353538	-1
14585724.371461	4407377.542945	-1
14582434.098583	4408200.111164	-1
14579280.920408	4409296.868790	-1
14577498.689266	4412175.857558	-1
14583667.950912	4421498.297379	-1
14597240.326534	4436989.998846	-1
14607522.429279	4445078.586338	-1
14620683.520793	4454263.931455	-1
14629731.771210	4462626.708353	-1
14638231.642815	4472497.526987	-1
14641384.820991	4483053.819137	-1
14650021.787302	4493884.300693	-1
14659070.037725	4495803.626539	-1
14676618.159770	4493061.732473	-1
14680456.811469	4490594.027815	-1
14692246.955984	4485110.239685	-1
14705133.858145	4477981.315115	-1
14716375.623879	4470989.485249	-1
14726109.347889	4468247.591184	-1
14743520.375405	4465642.791822	-1
15250379.313125	4465131.719525	-1
15266037.064529	4467091.628233	-1
15276677.020756	4468017.671210	-1
15285187.950179	4457826.007388	-1
15281925.908808	4450218.469997	-1
15276210.820353	4440853.222130	-1
15271854.622968	4431257.713007	-1
15268201.508894	4421888.651441	-1
15256379.679039	4411556.510573	-1
15244842.817252	4407522.511127	-1
14749278.352997	4409022.679381	-1
14736391.450718	4409022.679381	-1
14731730.230756	4406006.595910	-1
14722544.885555	4401482.470703	-1
14716512.718567	4397918.008418	-1
14708835.415138	4395313.209057	-1
14696908.175901	4393942.262025	-1
14679908.432649	4394353.546135	-1
14670037.613997	4393256.788509	-1
14659481.321833	4392434.220290	-1
14647691.177343	4394079.356729	-1
14638917.116330	4395587.398465	-1
14629046.297693	4398877.671343	-1
14618352.910837	4403401.796550	-1
14614514.259145	4405184.027692	-1
14611772.365080	4405869.501209	-1
11	2.2
14730359.283703	4383934.348687	-1
14719117.517943	4382563.401654	-1
14703900.005794	4379684.412887	-1
14698827.501752	4377765.087041	-1
14697867.838825	4372418.393615	-1
14704037.100497	4370087.783659	-1
14720077.180870	4370910.351878	-1
14730496.378403	4372555.488317	-1
14733923.746020	4376119.950601	-1
14733238.272498	4381466.644028	-1
14730496.378407	4384208.538093	-1
25	2.6
14726109.347857	4360902.438541	-1
14727450.690678	4361192.563257	-1
14731593.136036	4361450.817354	-1
14731044.757217	4358434.733882	-1
14726931.916082	4355144.461005	-1
14712948.256250	4348563.915249	-1
14704585.479309	4342531.748306	-1
14696085.607673	4335128.634331	-1
14684706.747270	4328136.804466	-1
14673464.981580	4323201.395149	-1
14660578.079458	4318951.459349	-1
14648650.840265	4315661.186471	-1
14637546.169297	4316757.944097	-1
14632062.381165	4319911.122272	-1
14627538.255956	4323201.395150	-1
14623699.604264	4329507.751499	-1
14620820.615496	4333620.592597	-1
14620820.615496	4343765.600637	-1
14625070.551297	4348289.725844	-1
14636723.601077	4353362.229864	-1
14654408.817807	4354870.271600	-1
14677029.443873	4356378.313335	-1
14703900.005791	4357475.070960	-1
14712399.877436	4358023.449773	-1
14726324.916100	4361827.250282	-1
21	3
14679908.432646	4346781.684108	-1
14685940.599603	4345273.642372	-1
14687859.925453	4341572.085384	-1
14684158.368456	4339104.380726	-1
14680731.000867	4335128.634332	-1
14675384.307430	4331701.266751	-1
14668529.572256	4328273.899169	-1
14658521.658907	4324023.963369	-1
14651255.639629	4323886.868666	-1
14643715.430946	4324435.247479	-1
14638368.737516	4325394.910402	-1
14633570.422901	4328685.183280	-1
14631102.718242	4334717.350223	-1
14630965.623538	4338693.096617	-1
14633844.612308	4341434.990682	-1
14639054.211033	4344588.168856	-1
14645634.756793	4345684.926482	-1
14656465.238357	4347192.968218	-1
14664005.447044	4346918.778811	-1
14669215.045774	4347604.252327	-1
14681005.190275	4347055.873514	-1
18	1.4
14660581.117483	4537656.057947	-1
14660904.929688	4531827.438252	-1
14667381.173803	4524298.804479	-1
14683167.018844	4515960.640192	-1
14706238.638564	4509484.396086	-1
14722267.342839	4507541.522854	-1
14738538.906333	4509079.630829	-1
14749062.803167	4510051.067445	-1
15250563.581197	4507412.087338	-1
15257399.697233	4502969.244188	-1
15268467.241660	4498724.938521	-1
15282364.493150	4494369.696246	-1
15296664.928529	4491204.578763	-1
15309046.265695	4487279.299436	-1
15321889.733971	4484215.257836	-1
15331335.256766	4483652.854376	-1
15337921.248337	4485149.333921	-1
15339041.456662	4486126.595991	-1