GmLine v3.0(Contour)
8	500
15735266.947441	4128658.696468	-1
15740226.751058	4133985.892896	-1
15745921.340403	4136373.946468	-1
15752718.108340	4136006.553610	-1
15758045.304841	4133251.107182	-1
15759108.705485	4132168.844143	-1
15761535.537034	4129209.785753	-1
15764107.287075	4127189.125039	-1
8	
15724810.889174	4514467.609117	-1
15725460.206890	4510571.702851	-1
15727083.501182	4508786.079145	-1
15729193.783765	4507974.432006	-1
15731304.066348	4507649.773151	-1
15733576.678364	4508948.408573	-1
15735037.643232	4510409.373423	-1
15734875.313804	4515603.915111	-1
36	500
15439735.640186	4444505.097291	-1
15435876.681857	4441335.238664	-1
15433533.742872	4440232.679141	-1
15431190.803886	4438854.479738	-1
15427745.305378	4436373.720812	-1
15425815.826214	4434995.521409	-1
15424851.086632	4432652.582424	-1
15424851.086632	4430998.743140	-1
15424851.086632	4429344.903856	-1
15424575.446751	4427553.244632	-1
15424024.166990	4425485.945527	-1
15422508.147646	4423143.006542	-1
15421405.588124	4421213.527377	-1
15420716.488422	4419146.228273	-1
15420027.388720	4415976.369645	-1
15419751.748840	4412944.330958	-1
15420303.028601	4409223.192570	-1
15421129.948243	4405777.694062	-1
15422783.787527	4405364.234241	-1
15425402.366393	4407293.713405	-1
15426642.745856	4410325.752092	-1
15427883.125319	4412668.691078	-1
15430363.884244	4415838.549705	-1
15433395.922931	4419421.868153	-1
15435876.681857	4422178.266960	-1
15439597.820246	4425623.765468	-1
15442216.399112	4429344.903856	-1
15445110.617859	4433066.042245	-1
15448418.296426	4435684.621111	-1
15450485.595531	4439681.399380	-1
15450623.415471	4443815.997590	-1
15448142.656546	4445883.296694	-1
15444834.977978	4446434.576456	-1
15442354.219052	4445607.656814	-1
15440286.919947	4444642.917231	-1
15437943.980962	4444091.637470	-1
19	500
15459443.891652	4462421.689532	-1
15456687.492845	4459389.650845	-1
15455033.653561	4457597.991621	-1
15450347.775591	4457046.711860	-1
15449245.216068	4459527.470786	-1
15448556.116366	4462421.689532	-1
15448280.476486	4465178.088339	-1
15448280.476486	4468210.127026	-1
15449383.036008	4470828.705892	-1
15451725.974994	4474549.844280	-1
15454068.913979	4477168.423147	-1
15457100.952666	4478960.082371	-1
15460270.811294	4477581.882967	-1
15461786.830637	4475928.043684	-1
15460959.910995	4471517.805593	-1
15460684.271114	4468899.226727	-1
15460132.991353	4464764.628518	-1
15459030.431831	4461870.409771	-1
15459030.431831	4461319.130010	-1
149	400
15444145.878276	4590318.594148	-1
15440838.199709	4588664.754864	-1
15439046.540485	4587837.835222	-1
15437254.881260	4586459.635819	-1
15438081.800902	4583014.137311	-1
15439322.180365	4580809.018266	-1
15440700.379768	4578879.539101	-1
15441802.939291	4576674.420056	-1
15442078.579172	4573918.021250	-1
15440562.559828	4570196.882861	-1
15439597.820246	4567302.664114	-1
15437806.161022	4565097.545069	-1
15436427.961618	4563030.245965	-1
15434911.942275	4560825.126919	-1
15433671.562812	4558344.367994	-1
15432017.723528	4556690.528710	-1
15429399.144662	4554898.869486	-1
15427331.845557	4552969.390321	-1
15422232.507766	4547870.052530	-1
15421405.588124	4545113.653723	-1
15420716.488422	4542770.714738	-1
15420440.848541	4538636.116528	-1
15423059.427407	4536155.357602	-1
15427469.665498	4532847.679035	-1
15430363.884244	4529677.820408	-1
15434774.122335	4525543.222198	-1
15438908.720544	4519892.604645	-1
15446350.997321	4514517.626973	-1
15459443.891652	4511623.408226	-1
15471985.506221	4520168.244526	-1
15477636.123774	4525681.042138	-1
15481357.262162	4530229.100169	-1
15487145.699656	4535052.798080	-1
15492107.217507	4539876.495991	-1
15497206.555299	4541530.335275	-1
15501754.613329	4539600.856111	-1
15503959.732374	4537120.097185	-1
15505200.111837	4533674.598677	-1
15506027.031479	4529402.180527	-1
15507267.410942	4516447.106137	-1
15509196.890106	4510520.848704	-1
15514571.867779	4506937.530255	-1
15518293.006167	4504318.951389	-1
15519395.565690	4500597.813001	-1
15518568.646048	4493982.455865	-1
15518430.826108	4487367.098730	-1
15517741.726406	4480889.561535	-1
15517741.726406	4477581.882968	-1
15517603.906466	4474412.024340	-1
15519533.385630	4472206.905295	-1
15522565.424317	4469312.686548	-1
15525735.282945	4465729.368100	-1
15529318.601393	4462008.229712	-1
15531661.540378	4458976.191025	-1
15531661.540378	4452912.113651	-1
15528629.501691	4449466.615143	-1
15527802.582049	4447399.316038	-1
15526286.562706	4444918.557112	-1
15524357.083541	4442024.338365	-1
15521325.044854	4438992.299678	-1
15512228.928793	4431412.202961	-1
15507543.050823	4430723.103259	-1
15502168.073150	4430171.823498	-1
15497206.555299	4429069.263976	-1
15494312.336552	4428517.984214	-1
15490729.018104	4427553.244632	-1
15487834.799357	4426037.225289	-1
15486318.780014	4423832.106243	-1
15486594.419894	4420800.067557	-1
15487007.879715	4418319.308631	-1
15487283.519596	4415425.089884	-1
15487972.619297	4412530.871137	-1
15488799.538939	4410463.572033	-1
15489212.998760	4408396.272928	-1
15488937.358880	4406053.333942	-1
15488661.718999	4404812.954480	-1
15486318.780014	4403296.935136	-1
15484527.120789	4401780.915793	-1
15482459.821685	4401091.816091	-1
15478738.683296	4400678.356270	-1
15476947.024072	4399162.336927	-1
15475982.284490	4396681.578001	-1
15476395.744311	4392133.519970	-1
15477084.844012	4388412.381582	-1
15476809.204132	4381934.844387	-1
15474604.085087	4381107.924745	-1
15468953.467534	4381383.564626	-1
15465921.428847	4381659.204506	-1
15462200.290458	4381659.204506	-1
15459443.891652	4380556.644984	-1
15456549.672905	4378213.705998	-1
15454206.733920	4376008.586953	-1
15449383.036008	4377111.146476	-1
15446213.177381	4378764.985759	-1
15442767.678873	4379454.085461	-1
15440838.199709	4381107.924745	-1
15432431.183349	4381659.204506	-1
15424713.266691	4383175.223850	-1
15417133.169974	4386620.722357	-1
15414514.591108	4388825.841403	-1
15413412.031585	4391444.420269	-1
15411896.012242	4395716.838418	-1
15409277.433375	4399024.516986	-1
15405556.294987	4397921.957464	-1
15402662.076240	4396268.118180	-1
15399905.677433	4394614.278896	-1
15398251.838149	4391720.060149	-1
15396873.638746	4388136.741701	-1
15395633.259283	4384139.963432	-1
15394944.159581	4381107.924745	-1
15394117.239939	4377248.966416	-1
15395081.979522	4372425.268505	-1
15398251.838149	4368428.490235	-1
15399216.577732	4367601.570594	-1
15399216.577732	4365534.271489	-1
15397700.558388	4362502.232802	-1
15396735.818806	4358781.094413	-1
15396597.998865	4356300.335487	-1
15396873.638746	4352579.197099	-1
15398389.658090	4349960.618233	-1
15399354.397672	4346652.939665	-1
15399767.857493	4343069.621217	-1
15400043.497374	4340037.582530	-1
15400732.597075	4338108.103365	-1
15400870.417016	4335351.704559	-1
15401146.056896	4331354.926290	-1
15399492.217612	4322258.810229	-1
15399354.397672	4316332.552795	-1
15397149.278627	4311508.854884	-1
15393014.680417	4306409.517092	-1
15387777.522684	4299931.979897	-1
15385434.583699	4295383.921867	-1
15384194.204236	4291524.963538	-1
15384194.204236	4288630.744791	-1
15385848.043520	4284082.686761	-1
15388742.262267	4280223.728432	-1
15392187.760775	4278707.709088	-1
15396873.638746	4278156.429327	-1
15402248.616419	4280912.828134	-1
15404729.375345	4281877.567716	-1
15408588.333674	4281601.927835	-1
15411758.192301	4280085.908492	-1
15414514.591108	4277605.149566	-1
15416995.350033	4275537.850461	-1
15421405.588124	4274710.930819	-1
15424851.086632	4274986.570700	-1
15430501.704185	4275124.390640	-1
15433671.562812	4275951.310282	-1
15434911.942275	4276640.409984	-1
12	
15506578.311240	4435546.801171	-1
15500376.413926	4435960.260991	-1
15498446.934762	4437200.640454	-1
15496379.635657	4438992.299678	-1
15496103.995776	4443678.177649	-1
15498446.934762	4446572.396396	-1
15502168.073150	4446572.396396	-1
15504648.832076	4445745.476754	-1
15506440.491300	4443126.897888	-1
15507267.410942	4440646.138962	-1
15507129.591002	4437200.640454	-1
15505613.571658	4435546.801171	-1
37	500
15504097.552315	4493706.815985	-1
15504097.552315	4489296.577895	-1
15501754.613329	4486815.818969	-1
15499962.954105	4484197.240103	-1
15496655.275537	4482681.220759	-1
15493623.236850	4483370.320461	-1
15491004.657984	4485437.619566	-1
15489075.178820	4486953.638909	-1
15487283.519596	4489434.397835	-1
15483562.381207	4491915.156761	-1
15479841.242819	4493844.635925	-1
15476120.104430	4496049.754970	-1
15474879.724967	4498943.973717	-1
15475293.184788	4503354.211807	-1
15478187.403535	4507350.990076	-1
15481908.541923	4510520.848704	-1
15484940.580610	4512588.147808	-1
15487283.519596	4515206.726674	-1
15488248.259178	4518376.585302	-1
15488661.718999	4521684.263869	-1
15490039.918402	4525129.762377	-1
15492658.497268	4528299.621005	-1
15495828.355896	4529402.180527	-1
15498309.114821	4527334.881422	-1
15499549.494284	4524027.202855	-1
15498722.574642	4519203.504944	-1
15498584.754702	4516171.466257	-1
15498033.474941	4512174.687987	-1
15498584.754702	4507902.269837	-1
15499273.854403	4504318.951389	-1
15500376.413926	4502113.832344	-1
15501754.613329	4500322.173120	-1
15502994.992792	4497703.594254	-1
15503408.452613	4495498.475209	-1
15504648.832076	4493982.455865	-1
15504786.652016	4492052.976701	-1
15504786.652016	4491777.336820	-1
42	
15485491.860372	4460905.670189	-1
15489488.638641	4463662.068995	-1
15491693.757686	4463386.429115	-1
15494863.616313	4462421.689533	-1
15498309.114821	4461732.589831	-1
15502581.532971	4459940.930607	-1
15505889.211539	4458287.091323	-1
15508507.790405	4456771.071980	-1
15511264.189211	4455117.232696	-1
15514847.507659	4454290.313054	-1
15518568.646048	4455806.332397	-1
15521049.404974	4458287.091323	-1
15521049.404974	4461732.589831	-1
15518017.366287	4464213.348757	-1
15514847.507659	4465867.188040	-1
15511539.829092	4468761.406787	-1
15509748.169868	4472758.185056	-1
15509472.529987	4476341.503505	-1
15506991.771061	4480751.741595	-1
15504235.372255	4480751.741595	-1
15501065.513628	4478822.262430	-1
15497895.655000	4476754.963326	-1
15495966.175836	4474274.204400	-1
15494863.616313	4473309.464818	-1
15491142.477925	4473585.104698	-1
15487421.339536	4475514.583863	-1
15485216.220491	4478822.262430	-1
15481908.541923	4481165.201416	-1
15477911.763654	4481440.841296	-1
15474879.724967	4480476.101714	-1
15471020.766638	4477306.243087	-1
15470745.126758	4474687.664221	-1
15471020.766638	4472896.004997	-1
15471709.866340	4470828.705892	-1
15472812.425862	4468623.586847	-1
15474466.265146	4466969.747563	-1
15476533.564251	4465178.088339	-1
15478463.043415	4463662.068995	-1
15480805.982401	4461732.589831	-1
15482597.641625	4460905.670189	-1
15483700.201148	4460630.030308	-1
15486180.960073	4461594.769891	-1
30	300
15455171.473502	4589905.134327	-1
15455584.933323	4585494.896236	-1
15455584.933323	4581360.298027	-1
15455860.573203	4579292.998922	-1
15456411.852965	4576950.059937	-1
15458065.692248	4575985.320354	-1
15458341.332129	4573504.561429	-1
15457238.772607	4570059.062921	-1
15455860.573203	4567853.943876	-1
15454620.193740	4565097.545069	-1
15452690.714576	4561789.866502	-1
15451588.155053	4558620.007874	-1
15450623.415471	4556139.248949	-1
15450623.415471	4553658.490023	-1
15450623.415471	4551315.551038	-1
15451174.695233	4548972.612052	-1
15452690.714576	4545389.293604	-1
15456549.672905	4537533.557006	-1
15459719.531532	4535879.717722	-1
15465232.329145	4535604.077841	-1
15468677.827653	4536706.637364	-1
15473225.885683	4539463.036170	-1
15476395.744311	4542081.615036	-1
15480805.982401	4544975.833783	-1
15484664.940730	4547732.232589	-1
15489075.178820	4551729.010859	-1
15491142.477925	4553107.210262	-1
15495414.896075	4555587.969187	-1
15499825.134165	4558344.367994	-1
15501203.333568	4560687.306979	-1
32	
15435876.681857	4315092.173333	-1
15439184.360425	4321018.430766	-1
15440149.100007	4325153.028976	-1
15438495.260723	4330803.646529	-1
15435463.222036	4334938.244738	-1
15432155.543469	4339072.842948	-1
15429950.424423	4340588.862291	-1
15426918.385736	4342518.341456	-1
15424575.446751	4344861.280441	-1
15420716.488422	4347617.679248	-1
15417546.629795	4348995.878651	-1
15415065.870869	4349271.518531	-1
15410517.812838	4348306.778949	-1
15409966.533077	4344585.640560	-1
15410379.992898	4342242.701575	-1
15411482.552421	4339761.942649	-1
15412447.292003	4337832.463485	-1
15413825.491406	4334111.325096	-1
15414652.411048	4331630.566171	-1
15415617.150630	4329425.447126	-1
15417408.809854	4325704.308737	-1
15419062.649138	4323085.729871	-1
15420440.848541	4320191.511124	-1
15421405.588124	4317572.932258	-1
15423059.427408	4315505.633153	-1
15424851.086632	4313300.514108	-1
15426642.745856	4311784.494765	-1
15428847.864901	4310544.115302	-1
15430915.164006	4310406.295362	-1
15433258.102991	4312473.594466	-1
15434774.122335	4313851.793870	-1
15436290.141678	4315367.813213	-1
25	
15445524.077679	4286287.805806	-1
15446626.637202	4291111.503717	-1
15444421.518157	4292489.703120	-1
15443181.138694	4295383.921867	-1
15444145.878276	4298415.960554	-1
15444972.797918	4301447.999241	-1
15445524.077679	4303515.298346	-1
15447729.196725	4305306.957570	-1
15450485.595531	4308063.356376	-1
15454895.833621	4310268.475421	-1
15457652.232427	4312749.234347	-1
15459995.171413	4314954.353392	-1
15462475.930339	4317848.572139	-1
15464956.689264	4321018.430766	-1
15466059.248787	4323774.829573	-1
15467023.988369	4326669.048319	-1
15468126.547892	4329011.987305	-1
15469366.927354	4331492.746230	-1
15471985.506221	4334524.784917	-1
15474190.625266	4335627.344440	-1
15476947.024072	4336729.903963	-1
15479014.323177	4337005.543843	-1
15487559.159476	4335765.164380	-1
15489764.278522	4334386.964977	-1
15490177.738343	4334111.325096	-1
91	
15532764.099901	4539187.396290	-1
15526148.742765	4537947.016827	-1
15522703.244258	4536430.997483	-1
15520360.305272	4535052.798080	-1
15519395.565690	4530780.379930	-1
15520635.945153	4526232.321900	-1
15523392.343959	4521270.804048	-1
15532075.000199	4514104.167152	-1
15534004.479364	4511347.768345	-1
15535658.318647	4507626.629957	-1
15535933.958528	4501976.012404	-1
15534555.759125	4497290.134433	-1
15533591.019543	4492328.616582	-1
15532626.279960	4488056.198432	-1
15531937.180259	4482819.040700	-1
15533591.019543	4475652.403803	-1
15539792.916857	4471793.445474	-1
15542687.135604	4468899.226727	-1
15544892.254649	4466556.287742	-1
15548337.753157	4463799.888936	-1
15551645.431724	4460905.670189	-1
15554677.470411	4457735.811562	-1
15555917.849874	4454565.952934	-1
15556193.489755	4449880.074964	-1
15555504.390053	4445607.656814	-1
15553988.370710	4442437.798186	-1
15552334.531426	4439543.579440	-1
15550129.412381	4436649.360693	-1
15548062.113276	4433203.862185	-1
15544616.614768	4431687.842842	-1
15541584.576081	4427828.884513	-1
15538965.997215	4426312.865169	-1
15535796.138588	4423969.926184	-1
15533453.199602	4422591.726781	-1
15530558.980856	4421213.527377	-1
15526700.022527	4419835.327974	-1
15523530.163899	4418732.768452	-1
15520360.305272	4417768.028870	-1
15517466.086525	4416665.469347	-1
15514020.588018	4415425.089884	-1
15511402.009151	4413082.150899	-1
15509610.349927	4408809.732749	-1
15510437.269569	4398059.777404	-1
15509472.529987	4396405.938120	-1
15507680.870763	4395441.198538	-1
15505613.571658	4394614.278896	-1
15503270.632673	4392546.979791	-1
15501341.153508	4391720.060149	-1
15497757.835060	4390204.040806	-1
15495552.716015	4389239.301224	-1
15494312.336552	4386758.542298	-1
15495001.436254	4383175.223850	-1
15496793.095478	4381245.744685	-1
15499825.134165	4379040.625640	-1
15502581.532971	4377386.786356	-1
15505062.291897	4373941.287848	-1
15506302.671360	4370495.789340	-1
15505200.111837	4369117.589937	-1
15500927.693687	4368015.030415	-1
15498309.114821	4368015.030415	-1
15494863.616313	4368152.850355	-1
15491693.757686	4368290.670295	-1
15487283.519596	4368290.670295	-1
15482597.641625	4368290.670295	-1
15480392.522580	4367325.930713	-1
15478600.863356	4366223.371191	-1
15476809.204132	4364569.531907	-1
15475431.004728	4363742.612265	-1
15472950.245803	4362915.692623	-1
15470745.126758	4362226.592921	-1
15467713.088071	4361675.313160	-1
15465783.608906	4361124.033399	-1
15463440.669921	4360572.753638	-1
15461097.730935	4359883.653936	-1
15459306.071711	4358229.814652	-1
15457652.232427	4356162.515547	-1
15453379.814278	4349547.158412	-1
15451588.155053	4344447.820620	-1
15450209.955650	4340726.682232	-1
15452552.894636	4337005.543843	-1
15458892.611890	4337694.643545	-1
15461097.730935	4338935.023008	-1
15464818.869324	4341415.781933	-1
15468677.827653	4343345.261098	-1
15474052.805325	4345688.200083	-1
15481219.442222	4350374.078054	-1
15486456.599954	4352441.377159	-1
15492796.317209	4349822.798293	-1
15495828.355896	4347204.219427	-1
15498998.214523	4344999.100382	-1
15502443.713031	4343620.900978	-1
25	
15583481.837938	4474274.204400	-1
15587340.796267	4478133.162729	-1
15587340.796267	4480613.921654	-1
15586513.876625	4485988.899327	-1
15584584.397461	4488883.118073	-1
15579898.519490	4493706.815985	-1
15568735.104324	4498943.973717	-1
15562671.026950	4498943.973717	-1
15558949.888561	4497979.234134	-1
15556469.129635	4496876.674612	-1
15555366.570113	4495222.835328	-1
15555228.750173	4493568.996044	-1
15555366.570113	4490950.417178	-1
15556744.769516	4488331.838312	-1
15557158.229337	4486126.719267	-1
15558674.248681	4483094.680580	-1
15560603.727845	4481027.381475	-1
15563635.766532	4478684.442490	-1
15566529.985279	4477030.603206	-1
15569975.483787	4475928.043684	-1
15572869.702533	4474825.484161	-1
15576728.660862	4473447.284758	-1
15581552.358774	4473171.644877	-1
15583895.297759	4473585.104698	-1
15584997.857282	4474274.204400	-1
40	
15563497.946592	4389239.301224	-1
15572180.602832	4387723.281880	-1
15581552.358774	4388274.561641	-1
15592853.593880	4388688.021462	-1
15603879.189106	4390066.220865	-1
15611321.465884	4392546.979791	-1
15623311.800694	4399575.796747	-1
15627584.218845	4404537.314599	-1
15630616.257533	4411703.951495	-1
15627170.759024	4420800.067556	-1
15621795.781350	4423143.006541	-1
15618212.462901	4424934.665766	-1
15615318.244154	4426175.045229	-1
15612975.305168	4427139.784811	-1
15610494.546242	4427966.704453	-1
15606635.587913	4428242.344333	-1
15602500.989703	4427828.884512	-1
15594920.892985	4427415.424692	-1
15588167.715909	4427691.064572	-1
15582241.458475	4428104.524393	-1
15577969.040325	4428104.524393	-1
15574247.901937	4427828.884513	-1
15571629.323071	4427001.964871	-1
15568597.284383	4425623.765468	-1
15565013.965935	4424107.746124	-1
15561981.927248	4423005.186602	-1
15557709.509098	4419559.688094	-1
15553574.910889	4416941.109228	-1
15549302.492739	4413633.430660	-1
15546270.454052	4409912.292271	-1
15544065.335007	4407569.353286	-1
15542549.315663	4405088.594360	-1
15542687.135604	4402332.195554	-1
15544478.794828	4398748.877106	-1
15545994.814171	4396405.938120	-1
15548062.113276	4393649.539314	-1
15549991.592440	4392822.619672	-1
15556744.769516	4391030.960448	-1
15561155.007606	4389790.580985	-1
15563635.766532	4389239.301224	-1
37	
15628962.418249	4449466.615142	-1
15634613.035804	4448639.695500	-1
15635991.235207	4447261.496097	-1
15637920.714373	4446021.116634	-1
15640539.293240	4444091.637470	-1
15643846.971810	4443678.177649	-1
15647568.110201	4444091.637469	-1
15648946.309605	4444918.557111	-1
15650875.788771	4446158.936574	-1
15653632.187580	4447261.496097	-1
15656112.946508	4448639.695500	-1
15658455.885496	4450844.814545	-1
15660247.544722	4453876.853232	-1
15659696.264960	4457184.531799	-1
15657904.605734	4460492.210367	-1
15654459.107223	4461870.409770	-1
15651702.708414	4461181.310069	-1
15646741.190558	4461456.949950	-1
15643571.331929	4462146.049651	-1
15637920.714373	4462972.969293	-1
15634888.675685	4464351.168696	-1
15631305.357235	4465315.908279	-1
15629513.698010	4464902.448458	-1
15625930.379561	4463799.888935	-1
15623173.980754	4462697.329413	-1
15620555.401887	4460630.030308	-1
15618901.562603	4459389.650845	-1
15617936.823020	4456908.891919	-1
15617936.823020	4455392.872576	-1
15618212.462901	4453601.213352	-1
15619866.302185	4452085.194008	-1
15621933.601290	4451120.454426	-1
15623311.800694	4450569.174665	-1
15624276.540276	4450431.354724	-1
15624965.639978	4450155.714844	-1
15626757.299203	4450017.894903	-1
15629789.337891	4450155.714844	-1
7	
15723920.357418	4513415.067448	-1
15725849.836599	4509004.829357	-1
15728744.055374	4506799.710312	-1
15731776.094094	4507488.810014	-1
15733981.213166	4509280.469238	-1
15734670.312877	4511623.408223	-1
15734808.132820	4515068.906731	-1